%YAML:1.0


IMU.Model: scale-misalignment
IMU.UpdateRate: 208
IMU.AccelerometerNoisedensity: 0.000874533714449
IMU.AccelerometerRandomwalk: 0.000918493077118
IMU.GyroscopeNoisedensity: 9.98278222305e-05
IMU.GyroscopeRandomwalk: 0.000107933338285


IMU.Bias_wx: 0.0034846148835837943
IMU.Bias_wy: 0.010798019810901362
IMU.Bias_wz: 0.029062881375811041
IMU.Bias_ax: 0.090057461959824101
IMU.Bias_ay: 0.17379261754407893
IMU.Bias_az: 0.020827386673560953


Gyroscope.M: !!opencv-matrix
  cols: 3
  data: [0.99356252,0,0,
         0.00407253,1.01530704,0,
         0.01216403,-0.01439952,1.01150889]
  dt: d
  rows: 3

#A[(rad/s)/(m/s^2)]:
Gyroscope.A: !!opencv-matrix
  cols: 3
  data: [-0.00005383,0.00004687,-0.00001381,
          0.00002978,0.00004528,0.00002535,
          0.00001519,0.00004494,-0.0000035]
  dt: d
  rows: 3


#A[(rad/s)/(m/s^2)]:
Gyroscope.C_gyro_i: !!opencv-matrix
  cols: 3
  data: [0.99991303,0.01156415,0.00634089,
         -0.01151665,0.99990573,-0.00747654,
         -0.00642675,0.00740287,0.99995195]
  dt: d
  rows: 3


Accelerometer.M: !!opencv-matrix
  cols: 3
  data: [1.00332588,0,0,
        -0.00107203,1.00404513,0,
        -0.00227313,-0.00224686,1.00859023]
  dt: d
  rows: 3
